# IRAS_10378+1108
# lambda_obs [µm]  fnu_obs [mJy]  efnu [mJy] (expected)
     5.252        2.200        0.883
     5.285        2.573        0.920
     5.317        2.666        0.832
     5.348        1.824        0.770
     5.379        1.907        0.793
     5.412        2.535        0.803
     5.444        2.745        0.747
     5.474        2.410        0.691
     5.538        2.877        0.667
     5.569        4.423        0.706
     5.602        3.733        0.704
     5.633        3.897        0.676
     5.664        4.194        0.653
     5.696        4.851        0.643
     5.727        5.668        0.682
     5.759        4.606        0.650
     5.822        5.865        0.714
     5.855        5.962        0.717
     5.886        7.365        0.794
     5.919        6.879        0.799
     5.950        8.264        0.836
     5.982        6.344        0.792
     6.013        6.827        0.822
     6.044        8.007        0.867
     6.108        7.679        0.831
     6.139        9.439        0.834
     6.172        7.469        0.809
     6.203        7.440        0.810
     6.234       11.239        0.867
     6.267       15.132        0.960
     6.299       11.823        0.907
     6.329        9.156        0.908
     6.393       11.070        0.931
     6.425       10.945        0.888
     6.456       10.903        0.898
     6.488       10.261        0.896
     6.519        8.939        0.961
     6.550        7.450        0.979
     6.583        6.368        0.995
     6.615        6.581        1.046
     6.678        4.641        0.901
     6.710        4.280        0.904
     6.740        4.957        0.988
     6.773        5.711        1.059
     6.805        3.143        0.993
     6.836        5.214        1.053
     6.868        5.747        1.083
     6.899        5.214        1.050
     6.964        8.638        1.254
     6.995        7.440        1.278
     7.027       10.671        1.429
     7.058        9.595        1.322
     7.090       10.752        1.284
     7.122       10.931        1.268
     7.152        8.160        1.149
     7.185       10.590        1.242
     7.248        9.226        1.395
     7.280        9.285        1.445
     7.311       10.030        1.554
     7.342        8.275        1.505
     7.375       10.106        1.573
     7.407        6.408        1.434
     7.438        9.829        1.503
     7.470       10.931        1.605
     7.533       14.922        1.101
     7.607       11.368        0.961
     7.668       10.644        0.903
     7.731        8.508        0.768
     7.793        7.422        0.691
     7.855       10.274        0.714
     7.918       12.049        0.732
     7.979       12.265        0.719
     8.104       11.660        0.634
     8.165       11.426        0.616
     8.228       10.848        0.604
     8.289       11.084        0.616
     8.353       14.043        0.640
     8.415       16.039        0.633
     8.475       19.489        0.658
     8.538       22.714        0.704
     8.661       26.945        0.749
     8.724       26.073        0.704
     8.786       27.427        0.698
     8.849       27.288        0.706
     8.910       27.323        0.709
     8.972       27.462        0.744
     9.034       26.372        0.710
     9.096       25.974        0.685
     9.222       22.800        0.667
     9.283       20.475        0.648
     9.345       19.514        0.657
     9.407       19.123        0.631
     9.470       16.325        0.611
     9.533       14.698        0.587
     9.593       13.299        0.549
     9.655       12.547        0.511
     9.781       10.300        0.541
     9.843        9.992        0.515
     9.903        8.894        0.484
     9.966        6.931        0.458
    10.027        5.395        0.437
    10.091        4.778        0.425
    10.153        3.705        0.415
    10.215        4.491        0.429
    10.340        2.769        0.423
    10.400        2.965        0.439
    10.464        3.672        0.458
    10.525        2.370        0.441
    10.587        3.191        0.445
    10.648        2.646        0.435
    10.710        1.963        0.433
    10.773        2.242        0.425
    10.896        3.863        0.472
    10.960        4.345        0.485
    11.021        5.161        0.507
    11.083        3.107        0.466
    11.147        1.941        0.446
    11.210        2.180        0.451
    11.269        2.731        0.452
    11.332        1.819        0.449
    11.456        2.248        0.468
    11.519        2.947        0.495
    11.581        2.947        0.504
    11.642        2.773        0.487
    11.704        3.465        0.498
    11.766        3.927        0.505
    11.829        3.022        0.496
    11.891        3.612        0.499
    12.015        3.553        0.542
    12.079        4.028        0.578
    12.140        4.221        0.587
    12.201        4.418        0.576
    12.262        4.345        0.572
    12.327        4.457        0.605
    12.386        3.819        0.595
    12.449        5.740        0.616
    12.575        6.564        0.605
    12.635        6.465        0.606
    12.698        9.474        0.667
    12.759       15.578        0.764
    12.823       15.170        0.759
    12.885       14.008        0.763
    12.946       12.739        0.761
    13.008       12.468        0.760
    13.133        9.391        0.806
    13.196       10.862        0.811
    13.259       10.685        0.786
    13.318       11.028        0.813
    13.382       11.098        0.842
    13.442       11.440        0.832
    13.507       12.691        0.858
    13.568       14.698        0.907
    13.690       16.807        0.979
    13.756       18.156        1.013
    13.818       18.019        1.020
    13.880       20.295        1.087
    13.939       23.444        1.175
    14.002       25.486        2.628
    14.065       24.599        1.323
    14.128       25.713        1.236
    14.252       29.218        1.157
    14.313       28.596        1.109
    14.374       29.854        1.104
    14.439       28.416        1.086
    14.500       31.643        1.081
    14.511       59.800        1.192
    14.608       41.484        1.131
    14.701       40.090        1.156
    14.885       36.646        1.090
    14.980       37.967        1.037
    15.075       40.447        1.035
    15.167       43.417        1.039
    15.260       44.082        1.065
    15.353       46.842        1.109
    15.447       41.959        0.996
    15.542       44.869        0.979
    15.728       44.193        1.020
    15.820       47.319        1.105
    15.916       49.712        1.136
    16.009       50.601        1.173
    16.103       51.505        1.241
    16.197       52.293        1.238
    16.287       53.770        1.328
    16.382       56.276        1.322
    16.570       54.523        1.250
    16.662       56.418        1.267
    16.755       58.824        1.291
    16.849       53.498        1.292
    16.943       52.825        1.264
    17.037       60.179        1.257
    17.132       55.638        1.264
    17.223       56.920        1.351
    17.411       57.354        1.470
    17.504       56.204        1.407
    17.597       61.023        1.411
    17.690       61.177        1.495
    17.784       52.892        1.532
    17.878       55.921        1.642
    17.973       54.454        1.796
    18.064       55.850        1.691
    18.251       49.965        1.633
    18.348       48.286        1.650
    18.441       58.305        1.706
    18.534       49.838        1.683
    18.627       51.832        1.768
    18.721       55.287        1.742
    18.816       55.850        1.668
    18.906       57.427        1.714
    19.092       59.724        1.718
    19.188       51.245        1.821
    19.280       61.566        1.963
    19.377       64.762        2.030
    19.469       60.408        2.000
    19.562       58.973        2.022
    19.656       65.338        2.053
    19.750       69.430        2.192
    19.934       69.254        2.249
    20.029       68.038        2.242
    20.125       68.211        2.306
    20.215       69.959        2.432
    20.312       62.984        2.590
    20.404       73.591        2.637
    20.496       70.850        3.072
    20.588       72.850        1.600
    20.774       68.992        1.986
    20.918       65.504        1.703
    21.096       76.245        1.707
    21.275       84.903        1.993
    21.456       83.202        1.720
    21.633       89.992        1.651
    21.812       95.507        1.902
    21.986       96.845        1.949
    22.344      108.390        1.749
    22.522      118.879        1.955
    22.701      116.055        1.730
    22.876      117.831        1.521
    23.059      127.932        1.524
    23.236      140.313        1.754
    23.416      135.257        1.740
    23.590      143.364        1.577
    23.949      156.840        1.542
    24.127      164.358        1.627
    24.306      171.366        1.609
    24.481      173.110        1.577
    24.663      179.580        1.563
    24.840      189.622        1.666
    25.018      200.226        1.770
    25.198      198.963        1.742
    25.554      206.661        1.883
    25.730      219.881        1.892
    25.908      225.516        1.949
    26.087      226.948        1.928
    26.267      233.059        1.896
    26.442      239.335        1.898
    26.617      251.443        2.054
    26.801      264.832        2.139
    27.158      276.125        2.110
    27.331      283.203        2.101
    27.513      299.418        2.025
    27.688      304.384        2.113
    27.865      314.565        2.345
    28.042      330.060        2.437
    28.221      337.237        2.547
    28.401      336.811        2.464
    28.757      363.378        2.313
    28.933      378.394        2.388
    29.117      383.698        2.726
    29.295      397.034        3.032
    29.474      406.181        3.136
    29.646      405.154        3.087
    29.827      414.488        2.894
    30.001      432.163        2.746
    30.361      468.618        3.076
    30.538      450.591        3.126
    30.717      475.186        3.307
    30.896      488.601        3.557
    31.077      490.459        3.738
    31.250      496.077        3.738
    31.433      507.505        3.614
    31.608      530.487        3.843
    31.961      542.022        4.542
    32.139      563.707        4.890
    32.319      562.994        5.348
    32.499      586.259        5.608
    32.680      582.561        5.257
    32.854      564.421        5.167
    33.037      605.868        5.461
    33.212      642.994        5.993
    33.566      639.747        6.615
    33.744      659.474        7.117
    33.923      695.471        8.421
    34.104      649.536        9.229
    34.285      666.184        8.887
    34.458      676.377        8.762
    34.640      725.127        8.940
    34.815      736.222        9.454
