#lambda(microns) NMF1 NMF2 NMF3 NMF4 NMF5 NMF6 NMF7
    5.05    0.00    0.43    0.00    0.00    1.63    0.00    0.00
    5.10    0.00    0.38    0.00    0.00    2.09    0.00    0.00
    5.15    0.00    0.42    0.00    0.00    1.89    0.00    0.00
    5.20    0.00    0.38    0.00    0.00    2.18    0.00    0.00
    5.25    0.00    0.40    0.00    0.00    2.15    0.00    0.00
    5.30    0.00    0.42    0.00    0.00    2.14    0.00    0.00
    5.35    0.00    0.38    0.00    0.00    2.23    0.00    0.00
    5.40    0.00    0.38    0.00    0.00    2.15    0.00    0.00
    5.45    0.00    0.41    0.00    0.00    2.13    0.00    0.00
    5.50    0.00    0.39    0.00    0.00    2.26    0.00    0.00
    5.55    0.00    0.40    0.00    0.00    2.35    0.00    0.00
    5.60    0.00    0.39    0.00    0.00    2.40    0.00    0.17
    5.65    0.00    0.40    0.11    0.46    2.14    0.00    0.13
    5.70    0.00    0.39    0.15    0.42    2.40    0.00    0.00
    5.75    0.00    0.42    0.16    0.00    2.22    0.00    0.00
    5.80    0.05    0.39    0.12    0.00    2.29    0.00    0.00
    5.85    0.00    0.42    0.19    0.00    2.22    0.00    0.00
    5.90    0.00    0.42    0.17    0.00    2.27    0.00    0.00
    5.95    0.00    0.45    0.23    0.00    2.31    0.00    0.00
    6.00    0.00    0.46    0.47    0.00    2.09    0.00    0.00
    6.05    0.00    0.48    0.51    0.00    2.12    0.00    0.00
    6.10    0.17    0.41    0.69    0.00    2.03    0.00    0.00
    6.15    0.00    0.41    1.39    0.63    2.16    0.00    0.00
    6.20    0.00    0.36    2.16    0.67    2.05    0.97    0.00
    6.25    0.00    0.42    1.77    0.67    1.81    0.18    0.16
    6.30    0.00    0.44    1.19    0.33    2.09    0.00    0.16
    6.35    0.00    0.43    0.91    0.22    1.97    0.00    0.19
    6.40    0.00    0.45    0.66    0.00    2.33    0.00    0.13
    6.45    0.00    0.45    0.56    0.00    1.97    0.00    0.28
    6.50    0.00    0.44    0.48    0.00    2.37    0.00    0.24
    6.55    0.00    0.46    0.53    0.00    2.22    0.00    0.24
    6.60    0.00    0.49    0.61    0.00    1.92    0.00    0.34
    6.65    0.00    0.42    0.61    0.00    2.67    0.00    0.26
    6.70    0.00    0.47    0.62    0.00    2.26    0.00    0.34
    6.75    0.00    0.45    0.53    0.00    2.54    0.00    0.33
    6.80    0.11    0.50    0.57    0.00    2.10    0.00    0.25
    6.85    0.00    0.51    0.58    0.00    1.98    0.00    0.36
    6.90    0.00    0.57    0.69    0.00    1.78    0.00    0.38
    6.95    0.19    0.53    1.01    0.33    1.79    0.00    0.40
    7.00    0.00    0.56    1.00    0.48    1.75    0.00    0.57
    7.05    0.00    0.44    0.78    0.00    2.59    0.00    0.57
    7.10    0.00    0.47    0.88    0.00    2.35    0.00    0.51
    7.15    0.26    0.43    0.94    0.00    2.70    0.00    0.33
    7.20    0.29    0.44    1.08    0.00    2.74    0.00    0.26
    7.25    0.15    0.46    1.26    0.00    2.55    0.00    0.33
    7.30    0.12    0.47    1.50    0.00    2.54    0.00    0.35
    7.35    0.07    0.43    1.70    0.00    2.72    0.00    0.51
    7.40    0.00    0.40    1.87    0.84    2.82    0.00    0.56
    7.45    0.00    0.38    2.40    0.62    2.97    0.00    0.64
    7.50    0.00    0.35    2.96    0.87    3.17    0.93    0.47
    7.55    0.00    0.30    3.65    0.94    3.25    1.17    0.51
    7.60    0.00    0.42    3.71    1.19    2.27    0.93    0.83
    7.65    0.00    0.46    3.95    1.36    2.21    0.00    0.95
    7.70    0.00    0.38    3.73    2.26    2.82    0.46    0.57
    7.75    0.00    0.35    3.69    2.58    3.22    0.00    0.53
    7.80    0.00    0.36    3.59    1.94    3.26    0.00    0.60
    7.85    0.00    0.32    3.30    1.48    3.31    0.66    0.72
    7.90    0.00    0.26    3.17    1.14    3.95    0.00    0.69
    7.95    0.00    0.46    2.48    2.51    2.88    0.00    0.71
    8.00    0.00    0.46    2.29    1.90    2.74    0.00    0.84
    8.05    0.00    0.48    1.89    1.47    2.97    0.00    0.85
    8.10    0.00    0.56    1.61    1.03    2.37    0.00    0.94
    8.15    0.00    0.67    1.51    1.41    2.04    0.00    0.69
    8.20    0.00    0.61    1.39    1.56    1.80    0.00    1.00
    8.25    0.00    0.63    1.39    1.12    2.44    0.53    0.66
    8.30    0.00    0.80    1.41    1.97    1.18    0.00    0.75
    8.35    0.00    0.63    1.44    0.80    1.81    0.00    0.75
    8.40    0.00    0.69    1.41    0.89    1.79    0.13    0.70
    8.45    0.00    0.74    1.47    1.35    1.68    1.06    0.48
    8.50    0.00    0.74    1.58    1.02    1.63    1.19    0.44
    8.55    0.00    0.82    1.74    1.12    0.62    0.77    0.68
    8.60    0.00    0.89    1.72    1.04    0.50    1.55    0.47
    8.65    0.00    0.86    1.59    0.98    1.12    2.64    0.11
    8.70    0.00    0.88    1.41    0.00    0.47    1.56    0.49
    8.75    0.00    0.94    1.20    0.36    0.41    1.21    0.36
    8.80    0.00    1.07    0.87    0.63    0.31    1.20    0.22
    8.85    0.00    1.04    0.70    0.01    0.25    1.35    0.28
    8.90    0.00    1.08    0.52    0.57    0.26    1.73    0.11
    8.95    0.00    1.13    0.43    0.28    0.22    1.35    0.18
    9.00    0.08    1.09    0.43    0.00    0.15    1.29    0.23
    9.05    0.06    1.09    0.34    0.21    0.30    1.22    0.11
    9.10    0.00    1.16    0.25    0.48    0.15    1.49    0.00
    9.15    0.00    1.14    0.25    0.20    0.18    1.42    0.01
    9.20    0.00    1.20    0.20    0.21    0.13    1.65    0.00
    9.25    0.00    1.15    0.20    0.16    0.23    1.50    0.00
    9.30    0.00    1.18    0.20    0.24    0.10    1.42    0.00
    9.35    0.00    1.18    0.17    0.24    0.14    1.36    0.00
    9.40    0.00    1.18    0.12    0.00    0.29    1.66    0.00
    9.45    0.00    1.27    0.13    0.41    0.00    1.19    0.00
    9.50    0.00    1.26    0.13    0.24    0.04    1.35    0.00
    9.55    0.00    1.27    0.09    0.00    0.08    1.73    0.00
    9.60    0.00    1.31    0.12    0.38    0.06    1.44    0.00
    9.65    0.00    1.30    0.20    0.52    0.00    1.17    0.04
    9.70    0.00    1.32    0.13    0.44    0.04    1.65    0.00
    9.75    0.00    1.28    0.06    0.21    0.01    1.79    0.00
    9.80    0.00    1.31    0.04    0.21    0.07    1.56    0.00
    9.85    0.00    1.33    0.03    0.26    0.00    1.59    0.00
    9.90    0.00    1.33    0.04    0.55    0.00    1.22    0.00
    9.95    0.10    1.34    0.04    0.17    0.00    1.08    0.04
   10.00    0.00    1.37    0.00    0.23    0.07    1.75    0.00
   10.05    0.00    1.38    0.04    0.36    0.00    1.39    0.00
   10.10    0.00    1.41    0.00    0.26    0.00    1.89    0.00
   10.15    0.08    1.37    0.00    0.25    0.05    1.90    0.00
   10.20    0.07    1.43    0.00    0.28    0.02    1.76    0.00
   10.25    0.06    1.46    0.00    0.23    0.07    1.79    0.00
   10.30    0.06    1.46    0.00    0.18    0.05    1.77    0.06
   10.35    0.16    1.45    0.06    0.12    0.00    1.45    0.08
   10.40    0.21    1.46    0.08    0.06    0.00    1.80    0.05
   10.45    0.54    1.50    0.10    0.00    0.00    1.21    0.07
   10.50    0.65    1.58    0.15    0.00    0.00    0.86    0.12
   10.55    0.51    1.52    0.23    0.00    0.00    1.49    0.13
   10.60    0.51    1.48    0.27    0.00    0.07    1.76    0.00
   10.65    0.38    1.46    0.21    0.00    0.43    2.35    0.00
   10.70    0.43    1.47    0.26    0.00    0.26    2.17    0.00
   10.75    0.52    1.32    0.09    0.00    1.58    2.27    0.00
   10.80    0.19    1.52    0.16    0.00    1.04    2.58    0.00
   10.85    0.22    1.49    0.20    0.00    0.89    2.83    0.00
   10.90    0.49    1.49    0.40    0.00    0.00    1.71    0.18
   10.95    0.57    1.45    0.55    0.00    0.54    2.35    0.00
   11.00    0.66    1.50    0.80    0.00    0.07    2.44    0.00
   11.05    0.48    1.50    0.92    0.00    0.24    2.86    0.00
   11.10    0.84    1.43    1.41    0.00    0.24    1.53    0.00
   11.15    0.65    1.45    2.17    0.00    0.10    2.39    0.12
   11.20    0.78    1.37    3.80    0.00    0.00    5.32    0.00
   11.25    0.84    1.32    4.25    0.00    0.00    6.09    0.00
   11.30    0.89    1.37    3.76    0.00    0.01    4.81    0.00
   11.35    0.75    1.45    2.86    0.00    0.00    6.41    0.00
   11.40    0.94    1.36    2.43    0.00    0.09    2.88    0.33
   11.45    1.14    1.33    1.90    0.00    0.32    3.10    0.29
   11.50    1.09    1.36    1.66    0.00    0.11    1.51    0.61
   11.55    1.43    1.34    1.43    0.00    0.31    2.05    0.40
   11.60    1.46    1.44    1.25    0.00    0.00    1.23    0.63
   11.65    1.16    1.47    1.11    0.00    0.16    1.38    0.77
   11.70    1.35    1.40    0.99    0.00    0.41    1.68    0.75
   11.75    1.19    1.33    1.08    0.00    0.34    0.85    1.00
   11.80    1.67    1.27    1.10    0.00    0.72    1.26    0.64
   11.85    1.92    1.28    1.14    0.00    0.61    1.34    0.70
   11.90    1.69    1.28    1.24    0.00    0.68    1.88    0.88
   11.95    1.39    1.38    1.42    0.00    0.00    0.80    1.24
   12.00    1.00    1.43    1.40    0.00    0.00    1.68    1.39
   12.05    1.41    1.35    1.34    0.00    0.12    0.70    1.54
   12.10    1.17    1.37    1.33    0.00    0.07    0.77    1.79
   12.15    1.38    1.28    1.22    0.00    0.82    0.56    1.77
   12.20    1.87    1.25    1.20    0.00    0.83    1.23    1.52
   12.25    1.19    1.36    1.43    0.00    0.34    0.83    2.15
   12.30    1.08    1.34    1.53    0.00    0.52    0.90    2.21
   12.35    0.80    1.43    1.55    0.00    0.00    0.85    2.59
   12.40    0.99    1.29    1.58    0.00    0.47    1.39    2.52
   12.45    0.84    1.28    1.83    0.00    0.51    0.37    2.76
   12.50    1.09    1.28    1.92    0.02    0.47    1.38    2.60
   12.55    0.98    1.30    2.05    0.00    0.40    1.52    2.82
   12.60    1.10    1.24    2.21    0.00    0.47    2.35    2.80
   12.65    0.90    1.26    2.31    0.00    0.41    2.47    2.96
   12.70    1.06    1.21    2.59    0.00    0.40    2.42    3.02
   12.75    0.50    1.20    3.49    0.00    0.16    5.93    4.28
   12.80    2.84    1.05    4.26    0.00    0.07   11.02    3.11
   12.85    2.48    1.05    4.11    0.41    0.19    7.90    3.03
   12.90    1.31    1.29    2.16    0.00    0.37    0.00    3.31
   12.95    1.30    1.29    1.03    0.00    0.34    1.09    3.36
   13.00    1.20    1.35    0.91    0.97    0.24    1.05    3.31
   13.05    1.12    1.31    0.94    0.00    0.28    0.00    3.65
   13.10    1.21    1.33    0.88    0.00    0.00    0.47    3.72
   13.15    1.30    1.32    0.91    0.00    0.24    0.23    3.46
   13.20    1.64    1.28    0.85    0.00    0.21    0.39    3.49
   13.25    1.93    1.28    0.75    1.92    0.19    0.04    3.23
   13.30    2.15    1.30    0.74    1.78    0.18    0.00    3.18
   13.35    2.00    1.32    0.75    1.93    0.20    0.00    3.22
   13.40    2.32    1.28    0.72    2.18    0.37    0.00    2.98
   13.45    2.31    1.31    0.70    2.15    0.43    0.00    3.05
   13.50    2.51    1.28    0.69    2.74    0.40    0.54    2.92
   13.55    3.79    1.11    0.59    3.71    1.62    1.04    1.75
   13.60    2.74    1.26    0.62    2.84    0.55    0.56    2.86
   13.65    4.20    1.04    0.53    4.39    1.43    0.00    1.90
   13.70    3.79    1.27    0.49    5.08    0.14    0.00    2.22
   13.75    2.57    1.42    0.47    3.19    0.00    0.00    3.19
   13.80    3.08    1.27    0.44    3.36    0.44    0.00    3.08
   13.85    3.46    1.29    0.49    2.84    0.11    0.00    2.96
   13.90    4.56    1.28    0.50    5.62    0.07    0.00    2.13
   13.95    4.51    1.16    0.54    5.69    0.82    0.00    2.09
   14.00    3.62    1.35    0.52    5.72    0.00    0.00    2.69
   14.05    4.42    1.16    0.55    3.96    0.80    0.76    2.31
   14.10    3.85    1.26    0.65    4.10    0.09    0.00    2.86
   14.15    3.97    1.33    0.81    4.89    0.00    0.00    2.34
   14.20    4.80    1.09    0.68    5.74    1.06    0.00    2.06
   14.25    4.40    1.30    0.79    4.26    0.00    0.00    2.75
   14.30    5.67    1.21    0.54    4.99    0.79    0.00    2.29
   14.35    4.94    1.34    0.60    2.88    0.00    0.00    3.13
   14.40    4.78    1.34    0.50    6.10    0.00    0.00    2.74
   14.45    4.46    1.22    0.35    4.95    1.09    2.45    2.36
   14.50    4.64    1.34    0.46    4.71    0.00    0.00    2.71
   14.55    4.30    1.36    0.42    5.27    0.00    0.19    2.78
   14.60    5.17    1.22    0.31    5.12    0.83    1.17    2.27
   14.65    3.87    1.39    0.42    4.36    0.00    0.63    3.20
   14.70    4.86    1.27    0.23    6.56    0.57    1.06    2.53
   14.75    4.40    1.35    0.32    3.80    0.10    0.36    3.29
   14.80    4.86    1.36    0.31    6.70    0.11    0.28    2.66
   14.85    5.03    1.29    0.31    4.46    0.57    1.31    2.57
   14.90    4.77    1.38    0.34    4.92    0.13    0.67    2.71
   14.95    4.91    1.35    0.24    6.10    0.12    1.25    2.81
   15.00    5.36    1.31    0.25    6.04    0.64    1.68    2.22
   15.05    5.38    1.37    0.32    6.70    0.18    0.64    2.27
   15.10    5.54    1.32    0.24    6.07    0.62    1.96    2.02
   15.15    4.93    1.39    0.28    4.44    0.20    2.56    2.53
   15.20    5.42    1.39    0.19    6.43    0.20    2.35    2.25
   15.25    5.34    1.38    0.20    5.17    0.41    3.78    2.14
   15.30    5.57    1.41    0.19    6.09    0.15    2.60    2.25
   15.35    5.54    1.36    0.27    5.68    0.44    3.47    2.02
   15.40    5.32    1.44    0.35    4.51    0.09    3.00    2.36
   15.45    5.95    1.43    0.42    4.98    0.12    2.67    2.15
   15.50    7.26    1.49    0.53    3.99    0.02    1.37    2.27
   15.55   11.53    1.38    0.52   12.48    0.27    0.00    0.01
   15.60   11.79    1.26    0.93    4.54    0.55    0.00    0.57
   15.65    7.29    1.43    0.58    4.02    0.01    4.41    1.70
   15.70    6.34    1.46    0.41    5.02    0.34    5.51    1.54
   15.75    6.51    1.48    0.37    5.63    0.14    4.99    1.34
   15.80    6.67    1.45    0.49    5.13    0.40    4.30    1.38
   15.85    6.48    1.45    0.45    4.22    0.29    6.30    1.43
   15.90    6.92    1.48    0.48    4.68    0.06    4.99    1.27
   15.95    7.05    1.44    0.53    4.86    0.35    5.45    1.13
   16.00    7.06    1.47    0.53    4.45    0.35    5.95    1.02
   16.05    7.18    1.51    0.57    4.70    0.04    5.00    1.00
   16.10    7.19    1.50    0.57    4.11    0.43    6.05    0.87
   16.15    7.35    1.50    0.52    3.83    0.06    6.51    0.98
   16.20    7.61    1.47    0.57    4.64    0.44    7.44    0.58
   16.25    7.77    1.46    0.65    4.42    0.51    7.73    0.46
   16.30    7.67    1.49    1.07    4.75    0.16    6.49    0.72
   16.35    7.64    1.48    1.24    3.88    0.46    8.09    0.52
   16.40    7.68    1.48    1.70    4.25    0.23    8.07    0.68
   16.45    7.96    1.43    1.84    4.39    0.37    8.55    0.50
   16.50    7.93    1.46    1.61    3.88    0.37    9.36    0.52
   16.55    7.98    1.47    1.53    3.17    0.40    9.93    0.52
   16.60    8.02    1.48    1.36    3.46    0.36    9.67    0.55
   16.65    8.10    1.49    1.37    4.64    0.37    8.05    0.59
   16.70    8.20    1.49    1.43    4.79    0.29    8.48    0.47
   16.75    8.10    1.51    1.50    3.88    0.28    8.91    0.66
   16.80    8.37    1.51    1.49    4.93    0.28    7.52    0.56
   16.85    8.37    1.51    1.45    3.90    0.22   10.00    0.45
   16.90    8.34    1.50    1.56    3.54    0.33    9.10    0.68
   16.95    8.98    1.45    1.78    4.01    0.60    8.22    0.47
   17.00    8.39    1.56    2.18    6.31    0.13    9.85    0.52
   17.05    9.32    1.49    2.50    7.59    0.52    8.53    0.00
   17.10    9.40    1.47    2.00    6.11    0.07    9.86    0.18
   17.15    8.78    1.54    1.75    4.44    0.13   10.45    0.52
   17.20    9.40    1.45    1.54    4.80    0.60   11.04    0.04
   17.25    9.08    1.55    1.58    4.63    0.11   10.71    0.31
   17.30    9.08    1.50    1.70    5.05    0.20    9.41    0.58
   17.35    9.30    1.51    1.47    4.71    0.30   13.72    0.00
   17.40    9.00    1.57    1.53    4.14    0.00   11.92    0.48
   17.45    9.47    1.45    1.31    5.03    0.68   12.67    0.00
   17.50    9.46    1.57    1.21    5.33    0.00   12.58    0.00
   17.55    9.11    1.56    0.91    5.65    0.12    9.72    0.75
   17.60    9.67    1.50    0.56    5.93    0.59   14.63    0.00
   17.65    9.37    1.59    0.65    5.07    0.00   13.16    0.36
   17.70    9.24    1.55    0.71    5.00    0.11   11.85    0.73
   17.75    9.72    1.50    0.50    5.87    0.52   14.34    0.02
   17.80    9.52    1.59    0.68    6.24    0.06   12.61    0.33
   17.85    9.75    1.49    0.56    5.71    0.54   14.06    0.12
   17.90    9.94    1.57    0.51    6.88    0.01   13.43    0.12
   17.95   10.15    1.54    0.46    5.98    0.05   13.01    0.33
   18.00   10.04    1.56    0.21    6.58    0.25   15.26    0.00
   18.05    9.64    1.61    0.23    6.15    0.02   13.22    0.44
   18.10   10.04    1.53    0.14    6.54    0.51   15.23    0.01
   18.15    9.86    1.56    0.25    6.53    0.06   13.07    0.44
   18.20    9.81    1.57    0.07    6.49    0.06   14.36    0.60
   18.25    9.99    1.58    0.04    6.78    0.40   15.65    0.02
   18.30    9.88    1.61    0.17    6.25    0.02   15.58    0.13
   18.35   10.07    1.54    0.15    6.29    0.11   15.29    0.27
   18.40    9.97    1.60    0.00    6.66    0.39   16.78    0.13
   18.45    9.62    1.58    0.04    7.28    0.09   16.62    0.28
   18.50    9.64    1.56    0.00    7.27    0.17   17.75    0.50
   18.55    9.90    1.58    0.10    6.74    0.09   17.21    0.41
   18.60    9.96    1.61    0.36    6.59    0.06   18.27    0.22
   18.65   10.50    1.59    1.04    6.88    0.27   18.58    0.00
   18.70   11.61    1.46    0.92    6.71    0.01   23.33    0.00
   18.75   11.53    1.44    0.79    8.37    0.13   23.14    0.24
   18.80   10.92    1.42    0.64    9.61    0.41   23.43    0.00
   18.85   10.34    1.54    0.32    8.24    0.23   20.56    0.00
   18.90   10.14    1.53    0.12    7.11    0.33   20.28    0.37
   18.95    9.91    1.52    0.19    7.99    0.36   19.68    0.51
   19.00   10.26    1.48    0.23    8.41    0.43   19.64    0.38
   19.05   10.34    1.48    0.18    9.16    0.57   20.22    0.28
   19.10   10.32    1.51    0.24   10.45    0.44   20.02    0.00
   19.15    9.81    1.54    0.20    9.73    0.51   21.12    0.47
   19.20   10.16    1.47    0.17    8.93    0.44   22.19    0.46
   19.25   10.31    1.44    0.21    8.71    0.51   22.12    0.56
   19.30   10.14    1.45    0.24    9.57    0.80   21.33    0.64
   19.35    9.87    1.48    0.32    9.58    0.49   22.32    0.71
   19.40   10.14    1.42    0.30    8.32    0.52   22.87    0.84
   19.45   10.44    1.36    0.19   10.21    1.11   22.76    0.55
   19.50   10.04    1.44    0.39   10.11    0.52   22.92    0.79
   19.55   10.69    1.37    0.24   10.39    0.93   23.15    0.56
   19.60   10.54    1.28    0.15   10.71    1.50   25.43    0.56
   19.65   10.21    1.42    0.33   11.39    0.73   24.28    0.76
   19.70   10.33    1.37    0.28   10.93    1.08   24.75    0.69
   19.75   10.68    1.29    0.25   12.34    1.38   24.45    0.57
   19.80   10.30    1.35    0.26   11.27    0.98   24.71    1.10
   19.85   10.67    1.27    0.20   12.70    1.40   25.09    0.66
   19.90    9.60    1.43    0.30   12.58    0.53   25.61    1.52
   19.95    9.96    1.36    0.29   12.28    1.04   25.71    1.23
   20.00   10.78    1.27    0.19   14.08    1.22   25.37    0.84
   20.05    9.80    1.40    0.35   13.41    0.45   23.49    1.94
   20.10    9.85    1.35    0.27   13.73    1.07   25.95    1.55
   20.15   10.14    1.30    0.13   15.16    1.13   26.42    1.51
   20.20   10.67    1.19    0.14   15.55    2.22   28.04    0.61
   20.25    9.82    1.26    0.34   15.54    1.35   26.41    1.50
   20.30   10.18    1.29    0.14   17.03    1.45   27.09    1.37
   20.35   10.90    1.20    0.39   17.39    1.58   26.36    0.83
   20.40    9.48    1.38    0.41   17.42    0.78   26.89    1.73
   20.45   10.36    1.19    0.43   17.76    1.64   27.60    1.25
   20.50   10.34    1.24    0.36   18.09    1.26   27.61    1.32
   20.55   10.57    1.29    0.32   19.14    0.92   24.73    1.86
   20.60    9.99    1.21    0.24   18.36    1.64   29.47    1.57
   20.65   10.74    1.12    0.31   17.67    1.84   28.58    1.47
   20.70   10.71    1.05    0.15   18.50    2.59   30.42    1.19
   20.75    9.45    1.30    0.36   18.15    1.19   31.06    1.83
   20.80   10.92    1.10    0.12   21.66    2.02   31.36    0.92
   20.85   10.28    1.27    0.03   21.04    1.50   31.34    1.52
   20.90    9.42    1.29    0.51   18.68    1.14   30.50    2.14
   20.95   11.23    1.02    0.30   21.83    2.37   31.01    0.96
   21.00    9.91    1.20    0.30   19.51    1.54   31.94    2.06
   21.05    9.56    1.28    0.43   18.72    1.36   31.86    2.22
   21.10   11.28    0.97    0.31   22.67    2.50   31.97    1.23
   21.15   10.88    1.04    0.16   23.39    2.34   32.20    1.32
   21.20    9.88    1.23    0.40   20.18    1.57   33.43    2.04
   21.25   10.37    1.12    0.48   21.79    1.75   32.50    1.90
   21.30   10.49    1.13    0.27   22.98    1.51   33.26    1.96
   21.35    9.91    1.18    0.27   22.16    1.92   33.85    2.38
   21.40   10.14    1.07    0.44   21.11    2.32   34.50    2.11
   21.45   10.62    1.03    0.34   25.81    2.41   32.85    1.88
   21.50    9.99    1.14    0.51   23.37    1.74   33.91    2.43
   21.55    9.52    1.20    0.28   23.85    1.69   35.58    2.42
   21.60   10.89    0.98    0.47   22.85    2.49   35.29    1.88
   21.65   10.27    1.04    0.47   23.84    2.27   36.14    2.19
   21.70    9.82    1.08    0.27   23.41    2.48   37.40    2.45
   21.75   11.24    1.05    0.49   29.07    2.85   34.40    1.15
   21.80   10.48    1.04    0.51   25.79    2.32   36.10    2.15
   21.85   10.13    1.13    0.44   26.12    1.92   36.65    2.45
   21.90   10.83    0.90    0.15   25.38    3.00   38.58    1.98
   21.95   10.94    1.14    0.50   26.20    1.83   34.38    2.63
   22.00   10.19    1.12    0.53   25.98    1.77   38.09    2.78
   22.05   10.21    1.04    0.59   27.89    2.20   38.14    2.26
   22.10   10.48    1.05    0.53   27.46    2.12   37.28    2.55
   22.15   10.39    1.02    0.73   27.46    2.09   38.13    2.65
   22.20    9.98    1.09    0.63   28.05    1.93   39.22    2.63
   22.25   10.54    1.04    0.78   29.93    2.36   37.57    2.53
   22.30   10.89    0.89    0.62   29.73    2.91   40.13    2.05
   22.35   10.05    1.06    0.52   29.81    1.97   41.14    2.63
   22.40   10.87    0.89    0.47   29.87    3.19   42.46    1.89
   22.45   11.18    0.97    0.73   30.72    2.44   38.72    2.37
   22.50   10.18    0.98    0.47   29.58    2.70   42.59    2.78
   22.55    9.76    1.19    0.78   31.12    1.31   41.48    2.90
   22.60   10.76    0.92    0.59   30.85    2.68   42.77    2.38
   22.65   10.58    0.92    0.49   32.77    2.67   43.16    2.54
   22.70   10.37    1.09    0.53   32.07    1.90   43.79    2.52
   22.75   10.99    0.88    0.63   33.47    2.94   42.64    2.23
   22.80   10.58    0.88    0.46   34.14    2.99   45.04    2.42
   22.85   10.46    1.03    0.60   33.60    2.05   44.61    2.58
   22.90   11.37    0.86    0.48   36.72    2.80   43.86    2.04
   22.95   11.22    0.88    0.58   37.55    2.94   43.20    2.14
   23.00    9.92    1.03    0.59   34.56    1.88   46.58    3.08
   23.05   12.05    0.70    0.46   36.22    3.70   45.51    1.86
   23.10   11.24    0.89    0.72   38.96    3.14   44.58    1.88
   23.15   10.21    0.90    0.75   36.14    2.81   46.74    2.93
   23.20   11.49    0.84    0.41   40.20    2.85   45.66    2.21
   23.25    9.92    0.90    0.67   37.69    2.85   46.75    3.31
   23.30   10.39    0.78    0.65   37.80    3.44   49.94    2.68
   23.35   11.86    0.79    0.49   40.47    2.47   47.96    2.30
   23.40   10.22    0.82    0.54   41.26    2.93   47.33    3.22
   23.45   10.17    0.83    0.58   40.54    3.34   48.45    3.06
   23.50   10.56    0.80    0.71   39.64    3.33   48.84    3.06
   23.55   10.61    0.77    0.50   44.28    3.41   48.15    3.02
   23.60    9.95    0.83    0.59   43.43    3.37   49.57    3.18
   23.65   10.24    0.71    0.80   39.81    3.56   48.95    3.69
   23.70   10.81    0.75    0.54   44.23    3.49   49.38    3.18
   23.75   10.34    0.76    0.68   46.94    3.58   47.98    3.26
   23.80    9.66    0.79    0.80   42.55    3.19   49.25    4.23
   23.85   10.13    0.78    0.69   43.10    3.29   51.25    3.86
   23.90    9.18    0.88    0.77   48.12    2.97   48.84    4.13
   23.95    9.76    0.76    0.80   45.09    3.71   50.98    3.94
   24.00   10.65    0.95    0.62   54.39    1.93   49.40    3.55
   24.05    9.50    0.79    0.68   50.76    3.39   49.64    4.13
   24.10    9.20    0.82    0.80   48.98    3.21   50.24    4.55
   24.15    9.59    0.93    0.75   49.05    1.82   51.07    4.91
   24.20   10.01    0.76    0.78   51.95    3.31   50.84    4.01
   24.25   10.23    0.78    0.73   52.15    3.18   47.40    4.99
   24.30    9.59    0.86    0.82   50.47    2.85   49.96    5.13
   24.35   10.85    0.82    0.72   58.66    2.11   48.67    4.31
   24.40   11.14    0.72    0.65   56.23    3.44   47.61    4.52
   24.45    9.81    0.82    0.88   53.16    3.07   49.36    5.23
   24.50    9.54    0.88    0.78   57.58    2.22   51.15    5.09
   24.55    9.13    0.71    0.88   58.89    3.74   48.84    5.03
   24.60    8.28    0.69    0.96   56.42    3.66   53.42    5.50
   24.65    9.05    0.72    0.88   58.12    3.45   52.16    5.15
   24.70    8.29    0.77    0.82   60.34    3.46   51.76    5.55
   24.75    8.79    0.54    0.82   60.56    4.52   51.89    5.41
   24.80    9.28    0.67    0.76   62.72    3.70   53.56    5.01
   24.85    8.48    0.68    0.74   62.36    3.81   52.97    5.68
   24.90    7.61    0.70    1.25   63.75    3.53   52.13    5.94
   24.95    8.63    0.63    0.81   65.34    4.10   56.47    4.81
   25.00    9.28    0.62    0.75   67.31    3.93   53.71    5.05
   25.05    7.89    0.64    1.01   66.77    3.77   52.33    6.11
   25.10    7.70    0.60    1.07   66.61    4.06   55.31    6.08
   25.15    8.05    0.71    0.84   67.14    3.46   56.59    5.87
   25.20    7.78    0.61    0.97   69.85    4.01   53.46    6.34
   25.25    7.78    0.63    1.09   71.13    3.73   54.76    6.29
   25.30    7.64    0.78    1.14   73.44    3.05   53.96    6.48
   25.35    7.69    0.62    1.07   72.72    3.82   54.12    6.59
   25.40    7.09    0.67    1.25   73.23    3.59   54.83    6.86
   25.45    7.91    0.51    1.04   77.22    4.50   56.72    6.00
   25.50    8.06    0.58    0.98   77.32    4.17   56.03    6.11
   25.55    6.67    0.75    1.55   78.02    3.31   53.44    7.20
   25.60    8.13    0.50    1.35   78.86    4.37   55.21    6.22
   25.65    8.61    0.52    1.39   79.71    4.27   53.89    6.32
   25.70    9.16    0.68    1.51   82.35    3.17   50.92    6.41
   25.75   11.75    0.82    1.63   82.83    3.25   43.41    6.75
   25.80   11.60    0.73    0.79   84.32    3.89   54.26    5.91
   25.85   12.21    0.77    1.20   85.04    3.69   46.48    6.47
   25.90   15.68    0.69    1.09   76.43    1.38   38.45   10.02
   25.95   15.61    0.68    1.46   92.52    3.43   37.07    6.20
   26.00   12.13    0.95    1.98   89.75    2.39   47.15    5.55
   26.05   10.94    0.48    1.80   87.02    4.01   50.96    6.93
   26.10    9.55    0.47    1.40   92.43    4.86   53.37    6.31
   26.15    7.83    0.58    1.25   88.42    4.15   60.19    6.67
   26.20    8.64    0.47    1.52   91.50    4.48   55.68    6.50
   26.25    9.06    0.30    1.14   99.24    5.76   58.24    5.15
   26.30    7.71    0.53    1.14   94.99    4.00   60.42    6.75
   26.35    7.43    0.45    1.18   93.37    4.87   61.86    6.92
   26.40    7.28    0.45    1.28   94.62    4.89   60.23    7.25
   26.45    7.62    0.39    1.31   96.64    4.98   60.82    6.73
   26.50    7.26    0.49    1.21   97.83    4.52   60.08    7.23
   26.55    7.17    0.48    1.37   99.82    4.77   59.29    7.45
   26.60    6.74    0.46    1.43   97.29    4.71   62.79    7.40
   26.65    7.24    0.49    1.65   99.64    4.49   58.96    7.24
   26.70    7.16    0.49    1.03  100.25    4.49   61.17    7.70
   26.75    7.01    0.38    1.44  102.98    5.27   60.69    7.46
   26.80    7.31    0.51    1.60  102.62    4.21   62.18    7.17
   26.85    6.97    0.45    1.29  103.34    4.73   62.31    7.62
   26.90    7.56    0.31    1.47  107.36    5.30   60.75    7.27
   26.95    7.26    0.45    1.60  106.67    4.52   62.24    7.02
   27.00    6.23    0.55    1.55  103.53    4.05   62.39    8.41
   27.05    6.74    0.36    1.66  107.93    5.19   63.26    7.90
   27.10    8.09    0.36    1.51  112.22    5.31   63.93    6.08
   27.15    6.96    0.44    1.43  109.39    4.80   63.85    7.87
   27.20    6.66    0.35    1.72  107.83    5.10   64.06    8.21
   27.25    6.92    0.36    1.58  112.57    5.29   63.64    7.68
   27.30    6.51    0.42    1.53  113.74    4.79   65.14    8.02
   27.35    8.69    0.18    1.57  120.68    5.96   60.56    6.62
   27.40    6.80    0.47    1.58  120.33    4.46   64.40    7.54
   27.45    6.33    0.47    1.68  119.29    4.67   64.66    8.01
   27.50    6.62    0.43    1.69  121.23    4.70   64.58    8.01
   27.55    6.03    0.48    1.67  120.36    4.75   65.53    8.49
   27.60    6.47    0.39    1.83  121.31    5.10   65.65    7.93
   27.65    6.63    0.33    1.75  122.30    5.20   67.88    8.09
   27.70    6.98    0.30    1.65  124.86    5.42   66.13    7.90
   27.75    7.52    0.26    1.85  126.32    5.90   66.69    6.99
   27.80    6.31    0.41    1.82  127.88    4.78   65.99    8.42
   27.85    6.63    0.34    1.72  128.93    5.24   68.21    8.03
   27.90    6.45    0.41    1.97  129.38    4.89   65.48    8.36
   27.95    6.23    0.35    1.96  131.87    5.20   66.99    8.41
   28.00    5.88    0.33    1.92  130.69    5.37   66.53    8.95
   28.05    5.39    0.46    2.04  134.16    4.91   68.63    8.84
   28.10    6.56    0.26    2.02  135.94    5.60   66.70    8.47
   28.15    6.11    0.31    1.99  139.33    5.36   67.65    8.48
   28.20    5.71    0.46    2.34  138.23    4.75   65.49    8.79
   28.25    6.28    0.26    2.02  140.52    5.52   67.62    8.75
   28.30    7.02    0.34    1.98  144.01    4.90   66.19    8.34
   28.35    5.73    0.40    2.22  139.79    4.76   66.44    9.22
   28.40    5.85    0.29    2.09  143.22    5.53   67.91    9.10
   28.45    5.48    0.37    2.10  146.69    4.97   67.05    8.94
   28.50    5.22    0.32    2.08  143.72    5.47   68.54    9.44
   28.55    5.32    0.35    2.06  149.78    5.37   66.41    9.35
   28.60    5.61    0.26    2.34  147.59    5.58   67.13    9.22
   28.65    5.90    0.30    2.23  153.45    5.63   66.01    8.56
   28.70    5.20    0.36    2.30  153.44    5.19   65.44    9.45
   28.75    5.63    0.21    2.21  153.67    5.91   68.66    8.93
   28.80    5.04    0.37    2.31  155.16    5.16   66.43    9.56
   28.85    4.55    0.40    2.31  158.24    4.83   65.48   10.12
   28.90    5.83    0.27    2.40  158.49    5.41   67.04    8.92
   28.95    5.18    0.25    2.06  161.10    5.91   68.08    9.36
   29.00    4.91    0.36    2.19  164.97    5.26   67.10    9.53
   29.05    4.80    0.17    2.04  161.28    6.89   71.85    9.90
   29.10    4.92    0.22    2.28  163.18    5.88   69.89    9.54
   29.15    4.63    0.45    2.48  167.03    4.66   65.81    9.72
   29.20    4.96    0.26    2.27  165.04    5.65   68.94    9.94
   29.25    4.97    0.20    2.36  169.98    5.99   68.27    9.46
   29.30    4.55    0.19    2.33  166.20    5.92   70.88   10.29
   29.35    4.85    0.34    2.48  174.00    5.00   66.01    9.96
   29.40    4.54    0.08    2.43  174.86    6.82   69.29    9.94
   29.45    4.05    0.41    2.66  176.36    4.77   66.84   10.16
   29.50    4.70    0.30    2.65  175.48    5.20   66.64   10.50
   29.55    4.42    0.18    2.46  178.45    6.30   66.98   10.49
   29.60    4.03    0.25    2.60  176.01    5.30   69.61   10.62
   29.65    3.82    0.35    2.61  178.38    5.32   68.87   10.80
   29.70    4.65    0.23    2.61  178.33    5.62   70.00   10.36
   29.75    4.85    0.15    2.73  183.50    6.05   68.18    9.94
   29.80    4.77    0.23    2.78  186.34    5.77   68.94    9.62
   29.85    4.59    0.20    2.68  187.29    5.98   67.70   10.34
   29.90    3.59    0.24    2.72  186.29    6.00   72.00   10.60
   29.95    4.28    0.30    2.86  194.55    5.52   67.13    9.95
